1007 0.0 0.0 90.0
1017 0.0 0.0 90.0
1026 0.0 0.0 90.0
1027 0.0 0.0 90.0
1030 0.0 0.0 90.0
1031 0.0 0.0 90.0
1036 0.0 0.0 90.0
1039 0.0 0.0 90.0
1040 0.0 0.0 90.0
1041 0.0 0.0 90.0
1042 0.0 0.0 90.0
1047 0.0 0.0 90.0
1048 0.0 0.0 90.0
1051 0.0 0.0 90.0
1052 0.0 0.0 90.0
1056 0.0 0.0 90.0
1057 0.0 0.0 90.0
1062 0.0 0.0 90.0
1063 0.0 0.0 90.0
1069 0.0 0.0 90.0
1070 0.0 0.0 90.0
1071 0.0 0.0 90.0
1072 0.0 0.0 90.0
1090 0.0 0.0 90.0
1093 0.0 0.0 90.0
1094 0.0 0.0 90.0
1095 0.0 0.0 90.0
1099 0.0 0.0 90.0
1106 0.0 0.0 90.0
1107 0.0 0.0 90.0
1108 0.0 0.0 90.0
1118 0.0 0.0 90.0
1119 0.0 0.0 90.0
1120 0.0 0.0 90.0
1121 0.0 0.0 90.0
1122 0.0 0.0 90.0
1124 0.0 0.0 90.0
1133 0.0 0.0 90.0
1134 0.0 0.0 90.0
1137 0.0 0.0 90.0