411
451
415
541
402
506
603
494
502
503
475
558
477
559
565
587
589
496
429
602
522
521
461
581
463
586
468
471
462
510
481
509
480
533
439
555
495
573
444
568
424
579
400
500
470
489
445
504
401
518
527
542
507
562
585
419
426
604
466
492
474
546
517
410
551
516
467
426
436
547
405
530
560
550
549
540
491
528
421
499
422
482
498
609
525
578
455
403
414
582
443
514
600
413
515
440
543
605
459
531
408
552
478
456
554
536
475
534
535
566
576
412
460
476
511
512
513
519
520
553
577
592
593
548
425
417
487
488
497
563
447
469
472
473
493
595
484
430
453
452
446
454